# Created by Octave 3.2.4, Tue Dec 27 13:57:13 2011 PST <robert@milkyway>
# name: blocks
# type: cell
# rows: 6
# columns: 2
# name: <cell-element>
# type: sq_string
# elements: 1
# length: 1
a
# name: <cell-element>
# type: sq_string
# elements: 1
# length: 1
b
# name: <cell-element>
# type: sq_string
# elements: 1
# length: 1
c
# name: <cell-element>
# type: sq_string
# elements: 1
# length: 1
d
# name: <cell-element>
# type: sq_string
# elements: 1
# length: 1
e
# name: <cell-element>
# type: sq_string
# elements: 1
# length: 1
f

# name: <cell-element>
# type: matrix
# rows: 4
# columns: 4
 0 0 1 1
 0 1 1 0
 0 1 1 0
 0 0 1 1
# name: <cell-element>
# type: matrix
# rows: 4
# columns: 4
 1 1 1 1
 1 1 1 1
 1 1 1 1
 1 1 1 1
# name: <cell-element>
# type: matrix
# rows: 4
# columns: 4
 0 0 1 1
 0 0 0 1
 1 0 0 1
 1 1 1 1
# name: <cell-element>
# type: matrix
# rows: 4
# columns: 4
 0 0 1 1
 0 0 1 0
 0 1 1 0
 1 1 1 1
# name: <cell-element>
# type: matrix
# rows: 4
# columns: 4
 0 0 1 1
 0 0 1 1
 0 0 1 1
 0 0 1 1
# name: <cell-element>
# type: matrix
# rows: 4
# columns: 4
 0 0 1 1
 0 0 1 0
 0 0 1 0
 0 0 1 1

